-66, 58
22, -13
-60, -45
18, -63
-2, -65
8, -70
-27, -78
-64, -90
-82, -87
-86, -99
-92, -97
-99, -99
-88, -100
-89, -94
-97, -94
-95, -96
-98, -97
-94, -95
-97, -89
-90, -90
-87, -90
-82, -99
-70, -100
-81, -100
-77, -100
-71, -100
-65, -93
-67, -94
-72, -99
-74, -95
-84, -97
-86, -96
-74, -99
-76, -98
-78, -95
-68, -95
-68, -96
-67, -96
-71, -95
-84, -94
-80, -89
-72, -91
-83, -90
-78, -93
-74, -92
-78, -91
-73, -92
-76, -90
-67, -90
-68, -91
-69, -93
-69, -94
-69, -91
-66, -93
-70, -90
-76, -88
-82, -89
-77, -88
-72, -88
-79, -84
-100, -81
-93, -82
-99, -85
-97, -86
-99, -86
-100, -86
-94, -85
-99, -82
-100, -84
-97, -84
-97, -82
-89, -82
-82, -85
-89, -84
-87, -85
-93, -85
-88, -85
-90, -84
-82, -83
-81, -84
-92, -82
-82, -81
-97, -79
-90, -80
-98, -80
-90, -81
-89, -80
-92, -79
-96, -79
-90, -79
-88, -79
-75, -85
-68, -87
-68, -85
-70, -80
-73, -85
-75, -82
-78, -83
-73, -82
-70, -81
-74, -80
-72, -79
-71, -80
-74, -79
-66, -84
-51, -91
-19, -100
-33, -98
-42, -100
-62, -99
-45, -100
-60, -100
-47, -100
-54, -99
-50, -99
-43, -99
-40, -99
-34, -100
-29, -99
-34, -99
-38, -99
-57, -93
-62, -96
-64, -98
-62, -97
-59, -98
-58, -92
-63, -95
-58, -96
-26, -98
-50, -97
-56, -92
-56, -96
-57, -98
-55, -94
-54, -97
-30, -97
-29, -98
-24, -98
-38, -93
-41, -95
-45, -97
-49, -97
-49, -96
-50, -96
-40, -97
-44, -97
-39, -96
-48, -95
-42, -94
-44, -93
-39, -94
-28, -92
-37, -93
-32, -93
-31, -94
-25, -97
-29, -95
-38, -92
-14, -96
-18, -99
-2, -99
-8, -100
-3, -100
-6, -100
-7, -97
-10, -98
-16, -98
-4, -99
5, -99
-1, -98
-1, -94
-14, -93
-11, -94
-13, -95
-2, -95
-6, -96
-2, -96
-7, -95
-11, -95
-5, -94
-19, -93
-13, -92
6, -94
6, -96
4, -93
-1, -92
0, -94
4, -92
-56, -80
-62, -81
-59, -85
-64, -85
-63, -84
-58, -86
-57, -91
-58, -89
-57, -81
-19, -87
0, -88
-48, -88
-20, -91
-36, -91
-29, -90
-46, -89
-49, -91
-52, -90
-42, -91
-32, -90
-48, -90
-48, -89
-29, -89
-27, -90
-22, -89
-7, -89
-13, -90
-7, -91
-11, -91
-46, -88
-55, -88
-50, -88
-51, -88
-10, -88
-45, -88
-17, -88
-27, -88
2, -90
5, -88
1, -90
3, -90
-10, -81
-18, -79
-39, -85
-49, -84
-51, -87
-53, -86
-56, -86
-45, -87
-49, -82
-52, -84
-48, -80
-43, -81
-40, -83
-43, -83
-35, -81
-35, -87
-22, -83
-22, -87
-35, -84
-32, -86
-23, -84
-15, -84
-13, -87
-20, -86
-22, -84
-32, -82
-21, -83
-23, -81
-39, -80
-34, -81
-30, -80
-12, -80
-11, -79
-24, -79
-44, -79
-15, -79
2, -81
4, -87
-9, -82
-2, -87
-9, -87
-10, -85
-8, -85
-7, -83
3, -84
0, -83
-1, -84
7, -87
5, -82
4, -86
5, -86
6, -80
-2, -79
-5, -81
5, -81
-5, -79
7, -79
6, -81
-82, -70
-99, -73
-92, -76
-100, -77
-96, -78
-96, -75
-97, -75
-95, -77
-83, -74
-85, -75
-89, -76
-86, -78
-85, -77
-92, -74
-97, -66
-98, -68
-100, -68
-89, -70
-95, -72
-97, -72
-84, -71
-83, -73
-88, -73
-85, -72
-89, -71
-97, -67
-88, -68
-86, -70
-91, -70
-97, -69
-87, -68
-91, -68
-15, -71
-36, -75
-66, -74
-52, -77
-58, -78
-67, -75
-70, -77
-73, -78
-74, -78
-72, -75
-79, -75
-68, -76
-71, -77
-71, -75
-64, -78
-63, -77
-64, -76
-57, -75
-46, -75
-46, -77
-48, -77
-49, -78
-39, -77
-37, -78
-44, -76
-44, -77
-47, -75
-43, -73
-52, -74
-44, -72
-49, -74
-67, -74
-69, -73
-71, -74
-74, -73
-80, -73
-73, -73
-50, -73
-64, -74
-53, -73
-44, -73
-39, -73
-7, -73
-5, -75
-11, -78
-26, -78
-30, -74
-32, -78
-33, -74
-16, -75
-10, -77
-24, -77
-26, -74
-25, -74
-20, -75
-11, -75
-13, -74
2, -76
-4, -78
-5, -78
1, -77
-2, -77
-4, -77
3, -77
6, -75
1, -76
-1, -76
-3, -76
-4, -74
0, -74
-11, -72
-33, -72
-23, -73
-13, -73
-21, -72
-25, -72
-22, -72
-12, -72
-5, -73
6, -72
-10, -73
-7, -72
-8, -67
-68, -70
-76, -71
-48, -71
-47, -71
-37, -71
-10, -71
-33, -71
-29, -71
-19, -68
-22, -70
-23, -66
-53, -68
-41, -69
-63, -70
-66, -70
-82, -69
-80, -69
-53, -69
-59, -70
-61, -70
-66, -69
-43, -69
-33, -69
-39, -70
-29, -70
-35, -69
-66, -66
-80, -66
-59, -67
-34, -68
-40, -68
-43, -68
-61, -68
-30, -68
-41, -67
-50, -67
-45, -67
-49, -67
-60, -67
-26, -67
-22, -69
-20, -66
-14, -70
-11, -69
-15, -67
-17, -69
-12, -69
-12, -66
-2, -68
0, -71
-7, -69
-6, -70
7, -69
6, -68
-3, -68
-4, -68
4, -67
1, -67
-3, -67
16, -90
16, -100
10, -91
8, -95
14, -99
11, -99
11, -97
12, -99
14, -96
11, -95
14, -95
13, -91
17, -100
16, -69
15, -81
15, -87
12, -88
9, -89
11, -87
10, -88
15, -86
13, -70
9, -79
11, -71
8, -79
10, -72
9, -74
8, -76
15, -71
14, -78
13, -77
14, -74
16, -82
17, -72
16, -76
16, -79
16, -71
-65, -48
-70, -65
-71, -64
-93, -47
-92, -55
-99, -50
-95, -55
-100, -56
-96, -58
-99, -56
-93, -64
-95, -53
-93, -60
-93, -61
-95, -48
-95, -49
-89, -54
-72, -60
-74, -65
-76, -58
-77, -57
-84, -60
-90, -61
-89, -63
-89, -64
-87, -65
-87, -62
-90, -60
-87, -59
-78, -58
-79, -61
-83, -62
-89, -56
-92, -56
-73, -63
-72, -59
-89, -48
-92, -49
-90, -49
-92, -48
-88, -50
-75, -53
-85, -52
-84, -51
-82, -52
-75, -51
-74, -51
-75, -50
-77, -49
-89, -49
-77, -48
-72, -49
-78, -47
-84, -47
-92, -46
-95, -46
-94, -46
-66, -50
-70, -53
-71, -53
-68, -62
-69, -63
-69, -53
-70, -58
-69, -52
-68, -46
-69, -46
10, -53
-15, -56
-56, -55
-27, -58
-43, -58
-62, -62
-63, -64
-64, -61
-47, -62
-36, -64
-49, -64
-40, -65
-51, -63
-60, -63
-57, -64
-50, -63
-33, -64
-33, -65
-34, -63
-31, -64
-33, -63
-60, -61
-62, -61
-30, -61
-56, -62
-46, -59
-60, -60
-54, -61
-58, -61
-52, -61
-47, -59
-49, -59
-34, -61
-42, -59
-46, -60
-41, -61
-35, -61
-33, -59
-52, -57
-61, -57
-63, -57
-55, -56
-60, -56
-42, -56
-34, -58
-40, -57
-47, -58
-48, -58
-38, -58
-51, -56
-50, -56
-29, -56
-26, -56
-24, -59
-26, -63
-20, -62
-17, -63
-20, -63
-16, -63
-21, -57
-22, -58
-22, -59
-23, -58
-16, -59
-54, -55
-62, -54
-30, -54
-31, -55
-48, -55
-29, -55
-28, -55
-49, -54
-38, -54
-40, -54
-22, -54
-5, -64
15, -65
5, -65
-9, -65
3, -56
-8, -54
-15, -62
-8, -55
-6, -56
-9, -59
-8, -64
-8, -56
-2, -62
-3, -59
-4, -58
2, -57
1, -55
-4, -55
-3, -54
14, -61
10, -62
9, -61
6, -59
8, -60
4, -54
6, -55
8, -56
8, -55
17, -56
12, -59
17, -58
11, -55
-23, -52
-56, -53
-61, -49
-65, -47
-62, -53
-64, -50
-62, -48
-63, -47
-41, -49
-26, -53
-49, -51
-50, -53
-38, -52
-45, -53
-48, -53
-37, -53
-40, -50
-52, -51
-54, -51
-28, -50
-25, -53
-59, -47
-42, -48
-25, -49
-44, -49
-52, -49
-58, -48
-35, -48
-37, -48
-43, -48
16, -53
1, -51
-9, -49
-20, -52
0, -51
-10, -51
0, -50
-12, -47
-19, -47
-21, -49
-13, -49
-6, -48
-11, -49
-8, -47
-12, -48
-11, -47
-9, -47
13, -46
9, -49
6, -53
8, -51
6, -47
14, -51
10, -52
14, -52
15, -50
10, -50
14, -46
21, -99
18, -79
21, -60
19, -90
18, -67
18, -98
20, -87
20, -96
21, -77
20, -85
20, -86
19, -72
21, -76
21, -57
19, -58
20, -49
19, -50
19, -57
18, -49
21, -56
21, -51
-42, 13
-89, -6
-71, -23
-77, -17
-76, -44
-93, -33
-93, -42
-100, -40
-94, -44
-100, -43
-98, -43
-97, -41
-99, -36
-96, -38
-96, -39
-95, -34
-83, -41
-82, -43
-84, -43
-87, -45
-90, -45
-85, -43
-89, -43
-79, -45
-80, -43
-86, -40
-87, -36
-92, -41
-89, -41
-88, -35
-85, -40
-81, -41
-79, -38
-84, -40
-83, -34
-80, -38
-81, -40
-82, -40
-77, -39
-87, -26
-96, -32
-95, -33
-97, -23
-98, -32
-98, -21
-100, -32
-98, -24
-98, -28
-97, -32
-97, -21
-95, -27
-93, -31
-92, -29
-93, -29
-94, -18
-91, -18
-94, -24
-90, -25
-89, -26
-90, -24
-94, -23
-93, -18
-92, -18
-90, -18
-84, -20
-83, -29
-85, -33
-86, -24
-84, -30
-86, -31
-84, -29
-79, -25
-79, -30
-83, -30
-83, -31
-77, -28
-83, -25
-83, -22
-81, -23
-77, -22
-81, -20
-85, -19
-85, -20
-82, -19
-78, -18
-77, -19
-74, -30
-75, -34
-72, -45
-73, -42
-75, -24
-72, -30
-72, -26
-74, -22
-75, -30
-75, -19
-77, -13
-94, -16
-96, -17
-78, -11
-86, -10
-100, -16
-95, -14
-88, -15
-79, -15
-85, -15
-93, -12
-98, -12
-98, -13
-82, -13
-81, -14
-93, -14
-83, -14
-90, -12
-86, -13
-81, -12
-83, -11
-90, -9
-91, -9
-99, -7
-100, -8
-95, -9
-87, -7
-82, -8
-86, -9
-89, -10
-88, -9
-85, -8
-79, -9
-79, -8
-73, -9
-75, -15
-73, -13
-73, -16
-74, -11
-74, -12
-54, -10
-65, -21
-67, -26
-66, -34
-68, -35
-68, -39
-71, -45
-70, -37
-68, -42
-67, -44
-69, -31
-71, -34
-67, -28
-69, -33
-66, -40
-66, -41
-66, -33
-66, -39
-66, -38
-69, -17
-71, -26
-70, -22
-68, -11
-68, -21
-69, -14
-69, -21
-69, -18
-69, -20
-67, -16
-67, -13
-67, -11
-51, -21
-56, -45
-64, -26
-57, -39
-63, -35
-58, -36
-65, -40
-64, -41
-62, -36
-58, -38
-61, -30
-65, -31
-60, -31
-59, -33
-57, -34
-57, -37
-60, -24
-61, -25
-65, -25
-64, -24
-62, -25
-61, -22
-58, -22
-57, -26
-48, -25
-53, -41
-54, -31
-55, -35
-56, -43
-56, -35
-56, -33
-55, -39
-54, -33
-44, -26
-46, -32
-52, -31
-51, -39
-52, -33
-51, -43
-48, -37
-51, -32
-50, -33
-51, -36
-50, -38
-49, -43
-49, -41
-48, -40
-49, -28
-53, -29
-53, -27
-47, -30
-48, -29
-43, -40
-43, -41
-44, -42
-46, -28
-44, -27
-46, -33
-43, -31
-43, -34
-44, -36
-46, -30
-43, -27
-45, -27
-48, -26
-50, -26
-53, -23
-56, -23
-55, -25
-55, -23
-50, -23
-47, -23
-45, -13
-59, -15
-48, -18
-56, -21
-52, -19
-60, -17
-53, -21
-58, -18
-56, -20
-63, -19
-56, -19
-55, -20
-56, -16
-55, -17
-49, -21
-50, -16
-48, -20
-46, -21
-46, -19
-60, -11
-61, -12
-48, -15
-52, -11
-53, -11
-57, -15
-60, -15
-56, -13
-47, -15
-46, -11
-50, -12
-46, -14
-44, -16
-44, -19
-44, -13
-66, -10
-71, -9
-67, -9
-70, -7
-62, -7
-53, -9
-59, -9
-63, -9
-50, -8
-43, -9
-48, -10
-52, -10
-43, -10
-48, -8
-53, -8
-52, -8
-47, -8
-99, 26
-100, -1
-100, 23
-100, 57
-100, 36
-100, 10
-100, 8
-100, 1
-100, 9
-100, 32
-100, 47
-100, 42
-100, 29
-83, 41
-77, 18
-94, 3
-78, -2
-92, -3
-85, -5
-87, -6
-96, -4
-98, -5
-88, -4
-83, -4
-81, -6
-79, -4
-81, -4
-79, -3
-90, 0
-84, -3
-86, -2
-89, -3
-80, -2
-94, 2
-95, 0
-96, 2
-90, 1
-84, 0
-88, 0
-83, 0
-83, 2
-79, 1
-99, 27
-79, 37
-79, 30
-87, 27
-85, 22
-87, 21
-93, 16
-98, 6
-95, 5
-98, 11
-99, 8
-99, 17
-99, 19
-99, 14
-95, 16
-96, 15
-94, 16
-95, 18
-96, 20
-86, 16
-93, 5
-92, 3
-91, 5
-87, 6
-86, 8
-90, 7
-91, 6
-89, 14
-89, 15
-87, 13
-88, 18
-93, 17
-93, 24
-97, 23
-98, 21
-99, 21
-97, 22
-97, 21
-87, 26
-92, 24
-93, 22
-92, 22
-90, 25
-86, 26
-81, 19
-81, 16
-82, 15
-85, 7
-82, 14
-82, 4
-82, 16
-80, 4
-80, 18
-84, 21
-84, 29
-94, 34
-95, 29
-99, 29
-99, 30
-98, 32
-95, 28
-86, 30
-89, 29
-86, 28
-86, 29
-89, 34
-90, 36
-92, 35
-98, 34
-99, 35
-95, 36
-84, 36
-83, 31
-84, 30
-84, 34
-84, 35
-81, 32
-83, 36
-79, 13
-79, 19
-79, 27
-79, 17
-78, 26
-78, 35
-99, 40
-82, 38
-99, 38
-91, 39
-83, 38
-90, 38
-79, 38
-88, 40
-98, 39
-91, 40
-82, 40
-52, -2
-53, -5
-63, -3
-67, -5
-69, -4
-76, -5
-76, -6
-73, -4
-61, -5
-64, -5
-57, -4
-57, -3
-70, -3
-56, -3
-47, -6
-43, -6
-44, -6
-49, -4
-47, -4
-47, -5
-74, 28
-75, 5
-75, 2
-76, 4
-75, 12
-76, 39
-77, 8
-76, 30
-77, 19
-77, 35
-75, 25
-51, 10
-66, 6
-71, 4
-71, 0
-73, 3
-72, 1
-73, 0
-67, 1
-68, -2
-67, -1
-67, 4
-74, 4
-72, 8
-71, 6
-67, 9
-65, 4
-65, 2
-66, -1
-56, 0
-65, -2
-47, -2
-48, -1
-63, 0
-47, 3
-43, 2
-45, 2
-48, 1
-60, 3
-44, 9
-60, 7
-49, 5
-51, 4
-60, 5
-45, 6
-48, 4
-46, 5
-54, 8
-58, 9
-65, 7
-50, 7
-43, 8
-43, 6
-49, 39
-74, 19
-63, 11
-66, 14
-66, 13
-70, 11
-72, 16
-67, 18
-70, 18
-51, 18
-55, 14
-57, 12
-58, 10
-61, 14
-62, 13
-62, 15
-56, 12
-61, 16
-60, 17
-61, 12
-55, 12
-54, 11
-54, 12
-55, 15
-53, 14
-52, 12
-52, 17
-51, 17
-61, 18
-63, 33
-68, 31
-65, 19
-73, 26
-71, 23
-66, 25
-69, 24
-74, 27
-69, 30
-70, 29
-72, 30
-65, 27
-73, 40
-74, 35
-71, 38
-73, 32
-65, 36
-67, 34
-66, 35
-57, 38
-60, 37
-63, 29
-62, 22
-61, 28
-61, 31
-62, 37
-53, 27
-55, 23
-59, 20
-59, 22
-59, 21
-58, 21
-55, 22
-51, 21
-53, 22
-52, 25
-51, 24
-53, 25
-58, 37
-60, 30
-60, 27
-53, 34
-55, 33
-52, 30
-51, 29
-57, 34
-54, 35
-51, 40
-62, 38
-59, 38
-43, 27
-46, 26
-47, 21
-47, 17
-48, 10
-47, 10
-48, 26
-43, 21
-45, 13
-44, 22
-46, 25
-48, 34
-43, 30
-47, 28
-47, 39
-48, 38
-57, 55
-81, 47
-61, 42
-89, 41
-79, 44
-80, 42
-88, 41
-88, 46
-91, 42
-93, 44
-96, 43
-91, 45
-91, 44
-86, 45
-81, 42
-81, 45
-82, 46
-87, 45
-84, 45
-83, 46
-80, 45
-74, 42
-73, 41
-68, 41
-63, 41
-64, 46
-74, 45
-68, 42
-77, 43
-76, 42
-65, 44
-70, 46
-79, 45
-69, 46
-63, 44
-64, 44
-62, 45
-61, 44
-61, 43
-59, 42
-59, 45
-58, 46
-69, 48
-96, 54
-73, 50
-96, 53
-84, 51
-94, 51
-86, 49
-93, 48
-87, 49
-95, 50
-85, 52
-87, 52
-98, 51
-93, 51
-89, 52
-75, 50
-80, 47
-77, 49
-78, 50
-80, 51
-76, 52
-98, 53
-84, 53
-87, 53
-74, 53
-85, 53
-70, 52
-93, 57
-94, 54
-94, 55
-91, 57
-84, 55
-72, 56
-82, 54
-80, 56
-73, 57
-60, 47
-59, 54
-63, 47
-68, 50
-67, 51
-64, 48
-65, 47
-67, 47
-64, 47
-62, 49
-63, 53
-67, 55
-67, 54
-68, 52
-47, 42
-44, 41
-53, 41
-55, 41
-56, 41
-52, 41
-45, 41
-52, 52
-56, 50
-54, 48
-53, 47
-55, 53
-48, 42
-47, 53
-51, 50
-52, 47
-51, 42
-49, 44
-52, 45
-48, 48
-49, 54
-51, 53
-51, 56
-49, 53
-48, 52
-46, 52
-45, 42
-46, 48
-43, 57
-45, 57
-43, 56
-43, 55
8, -11
-16, -16
-25, -29
-25, -43
-28, -40
-26, -41
-38, -43
-31, -44
-35, -45
-40, -44
-35, -44
-28, -44
-29, -45
-31, -41
-35, -42
-40, -42
-41, -41
-31, -42
-36, -32
-39, -31
-39, -35
-41, -39
-42, -38
-39, -40
-39, -32
-39, -37
-38, -32
-41, -31
-28, -34
-26, -40
-36, -36
-31, -38
-32, -37
-35, -39
-32, -35
-31, -35
-36, -34
-36, -30
-28, -32
-36, -31
-29, -30
-21, -43
-23, -45
-24, -35
-25, -37
-23, -43
-22, -34
-23, -34
-20, -42
-22, -43
-19, -32
-21, -36
-21, -42
-21, -39
-20, -41
-19, -30
-19, -42
-19, -40
-17, -33
-18, -33
-25, -24
-26, -14
-42, -20
-34, -24
-42, -26
-42, -25
-34, -28
-40, -28
-32, -27
-29, -29
-33, -29
-29, -25
-38, -25
-26, -25
-28, -25
-34, -21
-41, -20
-35, -22
-38, -23
-36, -15
-39, -20
-40, -15
-36, -17
-33, -21
-32, -19
-33, -18
-31, -18
-29, -15
-32, -16
-31, -17
-31, -12
-40, -12
-40, -14
-42, -13
-36, -13
-39, -13
-34, -13
-36, -12
-28, -14
-31, -13
-23, -26
-18, -28
-22, -27
-21, -29
-25, -27
-20, -21
-25, -14
-21, -25
-22, -15
-24, -24
-25, -20
-24, -21
-24, -19
-25, -12
-22, -13
-22, -12
-19, -18
-19, -23
-20, -25
3, -12
-8, -36
-14, -40
-14, -41
-14, -44
-12, -44
-16, -31
-9, -40
-10, -22
-16, -34
-16, -35
-13, -36
-15, -39
-13, -37
-12, -30
-13, -32
-14, -33
-16, -33
-15, -33
-14, -31
-15, -32
-13, -25
-13, -30
-14, -30
-13, -23
-13, -24
-11, -16
-11, -21
-12, -26
-12, -29
-12, -17
-12, -14
-9, -20
-9, -25
-9, -29
-10, -17
10, -28
12, -41
4, -32
4, -40
-5, -44
-3, -45
-8, -45
-6, -45
3, -38
-1, -41
1, -44
1, -41
-2, -40
-6, -41
-6, -36
-3, -39
-4, -33
2, -37
2, -36
3, -36
9, -41
8, -43
6, -33
5, -41
4, -36
11, -34
11, -39
10, -35
10, -36
8, -41
7, -33
8, -33
-8, -32
6, -31
-3, -32
11, -30
9, -31
21, -38
14, -42
13, -39
18, -39
15, -45
20, -40
20, -41
15, -44
17, -44
15, -39
17, -31
15, -36
14, -37
14, -30
16, -29
19, -32
18, -31
-1, -23
-4, -19
-6, -27
-8, -21
-8, -20
-4, -26
-2, -28
-4, -28
-4, -20
-6, -13
-7, -19
-7, -17
-4, -18
-3, -17
20, -25
0, -26
11, -27
12, -28
7, -26
10, -27
17, -27
14, -22
11, -22
0, -23
5, -25
1, -19
0, -19
-1, -16
11, -14
11, -21
1, -15
3, -20
2, -20
3, -22
10, -19
9, -17
2, -15
11, -19
11, -18
13, -17
10, -13
5, -13
8, -14
18, -25
18, -14
17, -24
14, -24
15, -13
17, -23
17, -21
17, -13
19, -16
18, -23
18, -15
2, -12
20, -12
11, -12
-10, 14
-14, 4
-34, 1
-42, -5
-39, -10
-41, -10
-38, -11
-37, -8
-38, -6
-38, -7
-37, -7
-42, -3
-42, 3
-40, -2
-40, -5
-38, -5
-36, -5
-36, 1
-37, -3
-16, -2
-24, -3
-31, -9
-26, -10
-28, -11
-25, -10
-33, -6
-34, -3
-27, -3
-25, -4
-28, -3
-32, -3
-23, -7
-14, -9
-19, -11
-21, -8
-11, -9
-12, -7
-20, -6
-18, -3
-23, -6
-20, -5
-22, -6
-16, -6
-12, -6
-11, -7
-32, -1
-34, 0
-12, 3
-24, 1
-25, 1
-25, -1
-28, -1
-16, -1
-15, -1
-16, 1
-24, 3
-32, 30
-37, 57
-37, 13
-39, 27
-41, 14
-42, 12
-42, 8
-42, 10
-42, 16
-42, 18
-42, 24
-41, 10
-38, 8
-41, 7
-39, 4
-39, 7
-40, 12
-41, 15
-39, 17
-38, 16
-40, 23
-42, 28
-38, 34
-40, 48
-41, 52
-42, 36
-41, 43
-41, 40
-42, 45
-42, 54
-41, 55
-39, 49
-39, 38
-40, 35
-38, 37
-38, 45
-39, 48
-39, 40
-39, 43
-39, 53
-40, 53
-36, 50
-35, 14
-36, 42
-36, 7
-37, 12
-36, 11
-36, 8
-36, 41
-36, 39
-36, 43
-35, 48
-35, 47
-35, 4
-33, 25
-34, 15
-35, 45
-35, 46
-35, 40
-35, 17
-35, 36
-33, 7
-33, 16
-33, 47
-34, 51
-35, 54
-35, 52
-36, 53
-37, 54
-37, 55
-33, 53
-33, 51
-38, 57
-35, 57
-20, 48
-17, 22
-18, 10
-26, 4
-28, 8
-30, 6
-25, 7
-24, 6
-20, 5
-22, 8
-25, 11
-32, 40
-27, 30
-28, 16
-32, 13
-31, 12
-29, 11
-28, 14
-28, 28
-32, 35
-29, 16
-30, 17
-32, 16
-31, 16
-31, 23
-30, 34
-31, 29
-30, 18
-29, 17
-29, 33
-31, 37
-32, 36
-29, 37
-29, 36
-28, 25
-27, 23
-26, 12
-27, 18
-26, 36
-27, 24
-28, 46
-30, 43
-31, 43
-22, 40
-24, 15
-25, 24
-25, 20
-25, 17
-25, 35
-25, 31
-20, 11
-21, 25
-22, 25
-22, 13
-23, 23
-24, 19
-24, 24
-22, 11
-22, 16
-22, 21
-23, 37
-20, 23
-19, 15
-21, 19
-19, 19
-19, 16
-18, 12
-18, 31
-20, 30
-21, 23
-19, 27
-25, 40
-20, 42
-14, 44
-12, 30
-14, 11
-13, 34
-16, 27
-15, 21
-17, 26
-17, 21
-15, 18
-14, 16
-14, 13
-14, 20
-15, 28
-17, 37
-15, 35
-15, 29
-14, 37
-13, 40
-13, 29
-13, 27
-11, 33
-11, 24
-11, 9
-17, 46
-14, 47
-12, 44
-13, 45
-11, 44
-11, 45
-26, 52
-32, 57
-28, 52
-30, 54
-32, 52
-31, 53
-29, 51
-32, 54
-28, 48
-17, 53
-23, 51
-25, 51
-11, 49
-12, 52
-23, 52
-16, 49
-15, 50
-13, 50
-16, 52
-19, 57
-20, 56
-22, 53
-19, 54
-12, 53
-15, 55
-16, 56
-18, 54
14, 40
19, 20
-1, 23
0, 8
-4, -9
-5, -10
-3, -11
-3, 19
-5, -7
-4, 16
-5, 22
-5, -5
-9, 19
-8, 18
-9, 1
-10, 12
-9, 12
-9, 8
-10, 8
-7, 1
-7, -5
-8, -7
-8, 16
-8, 15
-6, 8
-6, 13
-10, 19
-6, 22
-4, -1
-4, 7
-4, 6
-4, 14
-2, 21
-1, 20
-3, 15
-2, -8
-2, -7
-2, -9
-3, 18
-1, -9
-1, 5
-1, 17
-1, 12
8, 2
12, -1
8, 0
10, -5
9, -1
6, -5
3, -3
0, -9
4, -7
3, -8
1, -9
2, -11
5, -8
6, -8
7, -4
0, -1
10, -1
10, -4
5, 0
6, 0
9, 0
16, -1
14, -2
12, -5
18, -5
16, -11
14, -6
18, -9
18, -6
13, 0
17, -1
14, -1
17, 1
18, -1
13, 22
5, 14
4, 13
0, 12
3, 10
1, 3
1, 2
0, 9
3, 11
5, 11
4, 5
11, 6
9, 2
7, 2
11, 5
7, 7
4, 7
8, 8
9, 9
10, 13
0, 16
8, 15
8, 22
2, 19
7, 15
1, 16
6, 18
1, 17
7, 20
12, 17
18, 9
18, 5
17, 8
16, 22
15, 15
16, 14
-10, 23
-8, 24
-2, 29
-9, 28
-9, 26
-7, 26
-6, 25
-5, 24
-9, 36
-10, 36
-10, 30
-9, 35
-9, 33
-6, 31
-9, 30
-3, 36
-8, 38
-7, 36
-5, 37
-3, 37
11, 38
3, 35
-2, 35
0, 24
-1, 25
15, 25
11, 34
8, 27
7, 25
4, 26
3, 32
8, 37
10, 35
7, 31
7, 32
4, 31
6, 37
14, 33
13, 25
11, 31
15, 31
15, 30
14, 28
18, 25
17, 30
16, 25
16, 29
18, 34
15, 37
11, 35
18, 33
2, 39
1, 38
3, 38
14, 38
21, 19
21, 7
19, 11
19, 1
19, 0
19, -4
20, -7
19, 3
21, 10
21, -6
21, 3
21, 2
21, 14
20, 21
19, 31
21, 28
20, 26
21, 25
20, 23
20, 19
20, 33
21, 39
19, 57
17, 46
9, 43
7, 42
0, 41
-3, 40
8, 41
-3, 44
6, 42
3, 44
1, 43
13, 45
15, 41
17, 44
16, 43
9, 45
0, 50
-4, 53
-7, 52
-9, 50
-10, 47
-8, 49
-8, 52
-1, 49
-5, 48
-2, 49
-2, 50
-1, 52
-1, 55
-6, 54
10, 47
11, 46
2, 46
13, 51
9, 56
7, 49
0, 55
1, 48
5, 52
6, 51
4, 53
6, 55
8, 55
9, 51
8, 53
10, 48
11, 47
11, 51
11, 48
12, 48
7, 55
10, 56
4, 56
13, 53
14, 50
17, 50
14, 56
16, 56
16, 55
17, 57
20, 51
20, 45
19, 46
19, 56
46, -71
76, -84
61, -89
54, -96
35, -98
42, -99
34, -100
23, -100
37, -99
32, -99
40, -99
43, -100
53, -100
48, -100
44, -100
43, -99
49, -100
23, -96
22, -93
22, -97
22, -92
42, -93
36, -96
34, -96
25, -98
26, -97
33, -97
34, -95
31, -94
32, -96
30, -95
28, -95
49, -97
45, -98
40, -96
38, -96
39, -97
39, -94
49, -96
41, -97
48, -96
42, -95
42, -96
41, -93
40, -92
28, -93
29, -93
34, -90
27, -90
28, -91
35, -92
36, -92
40, -90
53, -91
51, -90
73, -99
71, -93
64, -92
60, -93
59, -96
58, -98
63, -99
65, -97
64, -97
60, -98
70, -96
70, -97
68, -94
57, -90
54, -92
54, -90
64, -90
61, -92
62, -90
75, -92
74, -99
73, -94
74, -95
73, -80
23, -72
62, -87
51, -89
22, -73
60, -88
49, -89
46, -89
47, -89
36, -89
23, -89
39, -89
39, -82
37, -88
23, -75
22, -79
22, -77
36, -83
34, -85
38, -85
24, -73
23, -79
23, -80
24, -75
28, -78
27, -77
28, -80
33, -81
29, -81
38, -83
37, -82
35, -81
30, -79
29, -78
34, -77
38, -79
38, -76
36, -77
38, -77
34, -74
26, -74
32, -75
25, -74
32, -73
35, -75
36, -73
53, -79
48, -86
43, -88
39, -80
42, -82
39, -83
46, -82
42, -80
51, -81
58, -87
48, -85
57, -88
49, -85
60, -83
58, -88
61, -81
56, -81
50, -81
59, -80
54, -73
45, -75
53, -77
44, -79
43, -77
48, -78
51, -77
46, -74
40, -73
53, -73
56, -74
54, -76
54, -79
57, -76
60, -79
57, -78
57, -77
72, -80
70, -85
64, -87
69, -89
67, -89
63, -84
62, -83
62, -81
65, -87
67, -87
71, -85
71, -78
64, -80
64, -74
63, -77
63, -74
65, -78
65, -79
70, -79
70, -80
66, -77
64, -75
65, -77
69, -75
71, -79
72, -77
32, -72
25, -72
75, -83
74, -89
73, -87
75, -88
75, -73
74, -82
75, -77
81, -89
83, -93
81, -100
81, -94
76, -100
80, -99
79, -96
79, -97
79, -95
82, -100
90, -98
86, -99
96, -98
91, -98
92, -93
86, -91
91, -97
90, -94
85, -94
87, -92
87, -90
95, -97
94, -98
93, -92
92, -92
94, -97
94, -91
94, -94
95, -92
99, -92
98, -95
97, -98
97, -97
99, -95
97, -90
84, -84
82, -73
83, -85
81, -75
79, -82
76, -88
78, -89
78, -85
76, -78
77, -86
78, -80
80, -88
80, -77
79, -78
79, -83
82, -87
80, -80
81, -86
80, -84
76, -74
82, -74
78, -74
86, -86
96, -87
84, -88
85, -74
98, -80
96, -84
85, -86
89, -82
95, -86
91, -81
90, -85
92, -82
94, -82
96, -77
87, -73
90, -74
89, -79
93, -79
91, -75
92, -78
94, -75
93, -73
85, -72
97, -75
96, -73
59, -19
55, -63
51, -66
49, -68
49, -70
26, -71
40, -69
29, -71
30, -71
26, -69
26, -70
34, -69
42, -69
41, -70
40, -71
50, -71
42, -64
29, -66
26, -67
23, -67
38, -67
33, -68
31, -67
30, -67
31, -64
25, -65
33, -66
32, -65
38, -64
33, -65
39, -66
41, -64
43, -65
48, -65
56, -70
56, -71
57, -66
53, -68
52, -67
54, -64
54, -65
52, -65
52, -66
58, -69
57, -65
57, -67
41, -35
28, -26
29, -31
28, -32
23, -48
22, -60
22, -63
22, -34
22, -59
22, -41
22, -55
25, -48
27, -49
24, -62
25, -60
23, -59
23, -58
24, -49
24, -55
26, -57
28, -52
28, -53
27, -52
28, -43
23, -39
24, -46
26, -48
25, -38
24, -35
24, -38
26, -36
26, -35
28, -42
24, -28
27, -32
38, -31
30, -41
29, -40
29, -43
29, -51
32, -47
32, -60
30, -58
31, -59
30, -60
31, -54
30, -52
39, -50
35, -56
32, -55
38, -57
37, -60
36, -59
38, -63
37, -57
40, -56
34, -48
35, -50
33, -32
31, -38
31, -43
32, -34
32, -36
37, -39
33, -44
36, -47
38, -46
34, -37
33, -33
35, -39
37, -36
35, -35
34, -38
34, -29
33, -31
31, -27
29, -29
30, -31
36, -28
35, -30
35, -29
30, 8
24, 50
24, 25
23, 16
23, 13
22, -7
22, 5
22, -1
22, -5
23, -7
23, -22
23, -23
22, 47
23, 46
24, 18
24, 15
25, 5
25, -2
24, -17
24, -24
24, -23
26, 0
27, -17
26, -6
25, -25
26, -20
26, -23
25, -1
27, -24
29, -25
27, -2
28, -13
27, -14
29, -3
28, 1
27, 0
25, 0
27, 2
27, 4
26, 4
26, 10
24, 6
24, 16
28, 9
27, 5
27, 7
28, 17
29, 13
29, 12
27, 46
25, 20
25, 29
24, 34
24, 28
25, 32
29, 35
28, 23
27, 32
27, 25
27, 23
27, 34
28, 29
28, 38
27, 42
29, 38
28, 51
26, 57
26, 52
22, 56
29, 50
28, 56
29, 51
36, -10
33, -11
32, -15
30, -20
32, -16
36, -21
34, -24
38, -23
37, -15
36, -11
34, -20
35, -12
40, -19
38, -21
38, -13
39, -14
33, 9
32, 54
32, 28
30, 6
31, 5
30, -5
30, -10
31, 1
31, -6
31, 44
30, 44
30, 37
30, 42
30, 14
30, 11
31, 16
31, 10
31, 40
31, 51
31, 17
31, 39
32, 27
32, 12
32, -4
32, 11
32, 3
32, 45
32, 29
31, 55
36, 45
37, 6
35, 37
36, 30
33, 31
35, 17
33, 22
33, -7
33, 18
33, 2
33, 27
35, 0
35, -5
35, 4
33, 32
36, 2
36, -6
36, -3
36, -9
36, 9
36, 19
36, 15
33, 43
35, 39
36, 38
35, 41
34, 40
38, 25
37, 22
39, 2
40, -2
39, 8
37, 13
37, 17
38, 17
38, 19
39, 19
40, 15
38, 44
37, 28
37, 26
37, 40
37, 37
39, 33
38, 29
38, 35
38, 42
36, 48
35, 54
35, 49
33, 55
33, 54
38, 49
39, 47
38, 52
36, 57
38, 56
40, 53
57, 38
55, -45
45, 10
50, -6
47, -44
45, -57
42, -61
42, -52
41, -50
41, -61
41, -60
43, -56
44, -57
43, -57
44, -58
42, -46
42, -50
43, -52
42, -53
49, -62
49, -46
45, 7
43, 3
41, -31
41, -4
43, -12
41, -21
42, -42
41, -22
41, -40
41, -28
42, -29
42, -32
42, -36
42, -23
41, -18
42, -11
41, -17
43, -33
43, -34
43, -39
43, -44
43, -18
43, -16
42, -4
41, -1
41, 4
43, 7
43, 6
42, 9
46, -15
46, -33
45, -16
45, -36
45, -29
46, -42
47, -43
47, -19
46, -40
46, -39
46, -25
46, -35
48, -27
48, -40
47, -34
47, -38
47, -31
48, -34
48, -38
48, -30
49, -24
48, -22
48, -25
48, -24
48, -19
49, -19
49, -15
46, -11
48, -12
45, -15
45, -14
47, -8
45, -6
46, 6
45, 4
48, 7
47, -10
48, -7
49, -6
49, -9
49, 0
50, 7
52, -48
50, -51
51, -59
50, -62
50, -5
50, -42
50, -37
51, -23
50, -39
50, -11
53, -2
52, -13
53, -35
53, -56
52, -45
52, -57
52, -52
53, -54
53, -62
54, -60
54, -58
53, -57
53, -60
53, -47
54, -38
52, -29
52, -16
54, -22
53, -31
54, -12
53, -7
53, -9
52, -7
54, -11
52, 1
54, -1
53, -1
54, 7
53, 7
44, 35
42, 22
42, 17
43, 15
43, 29
42, 28
42, 25
42, 36
41, 32
41, 37
43, 23
43, 32
43, 30
43, 36
49, 24
44, 14
45, 20
47, 10
45, 19
47, 19
47, 17
48, 18
49, 16
47, 13
52, 14
51, 13
49, 18
44, 22
51, 22
54, 21
45, 21
53, 33
44, 32
44, 28
49, 27
52, 25
49, 26
51, 27
45, 27
45, 37
44, 33
48, 34
49, 33
49, 34
53, 35
53, 30
53, 29
57, -26
58, -44
56, -59
56, -61
56, -35
55, -54
55, -55
55, -52
55, -50
55, -33
55, -35
56, -31
56, -41
57, -33
56, -52
57, -44
57, -51
57, -43
58, -58
58, -28
58, -41
58, -57
58, -31
58, -38
58, -4
57, -12
56, -16
55, -24
55, -20
57, 16
55, -2
55, -4
56, -11
55, -12
56, -3
56, 14
55, 7
55, 2
55, 27
55, 28
55, 16
56, 8
56, 13
56, 22
57, -8
57, 37
57, 25
58, 13
58, -25
58, 9
58, -24
58, -3
58, -20
58, -2
58, -1
58, 30
58, 32
58, 14
58, 35
41, 52
54, 48
57, 45
55, 44
55, 41
46, 41
50, 40
42, 39
49, 38
43, 38
42, 40
50, 39
43, 43
41, 43
52, 41
44, 43
56, 38
56, 43
44, 46
41, 44
44, 44
56, 47
48, 47
58, 39
44, 50
43, 53
42, 53
50, 52
52, 50
48, 48
53, 49
52, 48
53, 51
54, 54
53, 52
47, 57
44, 57
49, 56
47, 53
48, 52
51, 56
54, 55
56, 57
98, 32
71, -4
63, 11
70, -65
67, -57
66, -60
63, -66
61, -67
59, -67
60, -68
64, -68
61, -69
64, -70
60, -60
65, -60
64, -63
63, -61
63, -59
65, -59
69, -64
66, -71
66, -67
68, -70
67, -61
66, -58
67, -58
67, -31
63, -18
63, -36
59, -30
61, -36
59, -45
59, -54
60, -38
59, -35
61, -43
62, -45
61, -44
62, -40
62, -23
59, -25
62, -27
62, -29
63, -40
66, -41
65, -46
64, -56
63, -56
63, -54
63, -50
64, -52
64, -47
64, -43
64, -41
66, -43
66, -44
63, -22
65, -29
64, -30
66, -36
66, -22
64, -25
66, -21
59, -15
59, -3
64, -5
60, -11
60, -14
62, -16
61, -8
63, -7
63, -5
65, -15
64, -11
63, -1
59, 4
59, 0
60, 2
60, -1
62, 7
59, 5
61, 8
61, 10
66, 3
66, 10
65, 8
64, 6
64, 10
63, 10
67, -51
69, -56
68, -52
69, -54
69, 3
67, -45
68, -48
68, -50
68, -51
68, -31
67, -5
67, -23
67, -10
67, -24
67, -22
67, -19
68, -26
68, -35
69, 10
69, -5
69, -22
69, -42
69, -41
69, -44
69, -45
69, -32
70, -22
70, -49
70, -47
70, -68
70, -59
70, -50
70, -35
70, -34
70, -25
70, -20
62, 28
61, 26
61, 24
59, 20
60, 11
59, 30
60, 30
64, 27
67, 24
62, 12
62, 11
66, 11
62, 16
62, 24
66, 16
63, 23
65, 25
70, 25
70, 23
69, 15
69, 11
69, 13
67, 16
67, 17
67, 21
70, 24
70, 15
69, 25
67, 26
69, 27
64, 29
65, 27
62, 31
87, -11
97, -13
78, -46
78, -65
75, -50
76, -55
73, -51
71, -58
73, -53
74, -64
71, -54
72, -67
72, -70
74, -55
74, -60
72, -53
77, -58
76, -60
76, -69
76, -70
76, -58
74, -50
79, -59
88, -71
80, -60
83, -68
80, -62
82, -67
80, -71
80, -63
84, -68
83, -71
83, -63
87, -64
85, -68
85, -66
84, -63
86, -64
84, -62
85, -64
85, -60
89, -65
94, -68
93, -71
90, -67
90, -70
90, -65
88, -62
88, -64
88, -60
94, -60
94, -62
91, -61
96, -65
90, -60
86, -47
85, -56
81, -57
81, -59
83, -59
79, -48
82, -56
85, -49
82, -53
79, -47
92, -57
93, -58
89, -58
91, -58
96, -57
88, -53
94, -56
86, -56
88, -52
87, -50
76, -30
71, -27
71, -28
72, -45
74, -41
73, -43
72, -38
74, -39
75, -31
75, -23
71, -23
74, -24
73, -26
74, -18
73, -22
72, -21
73, -19
73, -17
72, -12
90, -25
91, -33
78, -35
87, -43
83, -36
77, -42
81, -43
84, -46
81, -39
79, -40
77, -43
81, -40
81, -42
83, -38
76, -36
89, -38
87, -44
89, -46
88, -38
78, -34
77, -32
78, -28
88, -35
84, -34
81, -33
80, -34
79, -29
82, -34
87, -32
83, -31
90, -30
88, -33
90, -26
86, -26
89, -28
83, -28
90, -27
94, -34
95, -37
91, -36
94, -39
92, -35
96, -42
93, -28
92, -30
92, -31
96, -32
95, -30
94, -32
93, -27
96, -27
91, -18
77, -21
76, -24
85, -24
77, -25
89, -24
78, -22
76, -23
84, -16
83, -16
81, -20
80, -21
83, -18
83, -19
82, -21
83, -13
77, -12
81, -16
87, -15
88, -19
85, -21
84, -20
89, -19
88, -21
86, -14
85, -12
84, -13
96, -19
92, -14
91, -14
93, -12
92, -16
97, -27
97, -61
99, -49
99, -62
98, -58
98, -63
97, -62
98, -59
98, -71
98, -52
98, -51
99, -59
98, -39
97, -37
97, -48
97, -41
97, -47
97, -32
99, -47
98, -28
99, -33
99, -13
98, -21
98, -20
97, -20
97, -18
98, -17
87, 27
74, -8
76, -9
75, -11
72, -10
85, -5
76, 27
73, 17
72, 23
71, 3
72, 14
71, 9
72, 6
72, -3
72, -2
71, 13
71, 10
72, 24
73, -8
73, 6
79, -1
78, -3
77, -3
75, -5
78, -2
82, -3
80, -5
80, -7
79, -7
79, -5
82, -6
82, -2
73, 8
74, 22
80, 7
75, 17
75, 7
73, 12
74, 13
78, 6
76, 4
77, 4
78, 10
76, 8
76, 18
74, 17
77, 18
82, 16
81, 6
80, 0
83, 8
82, 3
81, 1
83, 2
83, 0
83, 3
81, 8
84, 13
84, 20
81, 17
82, 17
80, 17
74, 24
81, 22
77, 22
76, 26
75, 22
76, 24
79, 22
84, 22
80, 28
74, 29
73, 27
75, 27
76, 28
84, 27
81, 28
82, 29
85, 26
85, 6
86, -3
85, 24
86, 17
92, 28
99, -11
90, -7
87, -10
88, -11
98, -9
96, -10
95, -8
94, -8
96, -2
90, 6
89, 5
87, -7
88, 3
95, -3
95, -5
90, -5
89, 3
91, -2
92, 24
88, 22
89, 14
88, 12
89, 17
89, 16
89, 11
91, 19
88, 23
89, 22
92, 9
94, 7
92, 6
92, 8
94, 25
93, 22
92, 27
94, 22
95, 14
95, 13
95, 24
95, 25
96, 2
98, 0
97, -1
97, -5
96, -3
97, 12
97, 3
98, 24
99, 11
99, 6
99, -1
99, 4
99, 17
88, 30
94, 29
66, 47
63, 54
61, 47
59, 47
59, 46
59, 44
60, 35
60, 36
62, 32
64, 52
62, 48
61, 34
62, 37
62, 35
63, 46
61, 41
65, 43
64, 39
64, 35
65, 41
64, 45
65, 51
62, 54
61, 56
60, 56
59, 57
60, 57
65, 57
64, 56
81, 39
83, 33
81, 33
72, 33
67, 38
68, 36
80, 34
79, 33
77, 33
78, 33
79, 38
72, 36
81, 38
79, 37
84, 36
99, 32
88, 33
86, 32
93, 34
89, 33
89, 37
97, 37
76, 39
69, 45
71, 40
67, 43
67, 40
70, 39
67, 42
69, 42
69, 44
74, 40
67, 56
66, 49
66, 52
71, 45
74, 54
68, 46
67, 45
72, 52
71, 52
68, 50
69, 54
68, 57
69, 55
72, 50
72, 48
75, 52
74, 45
75, 55
94, 55
97, 48
81, 44
95, 40
83, 43
92, 40
78, 40
79, 39
89, 39
88, 39
91, 42
87, 42
76, 42
91, 40
84, 43
95, 42
94, 48
91, 50
78, 45
80, 44
82, 48
81, 47
86, 47
89, 46
93, 45
92, 49
91, 48
86, 49
87, 53
76, 54
78, 51
76, 53
86, 51
80, 51
83, 53
93, 54
91, 51
95, 54
94, 49
99, 46
99, 40
99, 53
95, 56
86, 55
80, 56
93, 57
85, 56
87, 57
99, 56
-45, 92
-74, 68
-97, 62
-99, 58
-99, 63
-100, 61
-99, 67
-98, 64
-54, 61
-94, 58
-97, 59
-56, 59
-82, 58
-57, 59
-72, 60
-81, 59
-94, 60
-64, 60
-70, 60
-49, 60
-47, 59
-52, 62
-96, 64
-91, 63
-81, 63
-86, 61
-90, 62
-64, 62
-69, 61
-68, 61
-66, 62
-84, 62
-80, 62
-77, 62
-72, 63
-59, 63
-70, 63
-58, 63
-65, 64
-66, 67
-66, 65
-80, 64
-68, 65
-76, 66
-78, 66
-75, 66
-68, 64
-86, 67
-97, 67
-83, 67
-76, 67
-68, 67
-62, 66
-60, 64
-55, 64
-65, 67
-52, 64
-52, 63
-46, 64
-50, 66
-46, 66
-54, 99
-95, 91
-92, 89
-96, 82
-94, 72
-99, 79
-98, 72
-99, 69
-96, 71
-95, 80
-100, 81
-93, 79
-93, 77
-94, 69
-94, 70
-97, 89
-98, 84
-99, 84
-99, 86
-96, 84
-93, 82
-94, 82
-96, 85
-94, 90
-95, 89
-93, 88
-94, 86
-96, 90
-56, 79
-77, 72
-79, 72
-80, 69
-83, 70
-89, 69
-92, 71
-88, 71
-85, 70
-91, 71
-84, 71
-89, 71
-83, 71
-83, 74
-88, 78
-92, 75
-85, 76
-88, 72
-81, 77
-79, 73
-80, 72
-78, 78
-81, 78
-66, 70
-58, 69
-67, 68
-63, 68
-71, 69
-77, 68
-70, 68
-66, 69
-72, 69
-60, 69
-56, 68
-55, 68
-66, 76
-72, 75
-72, 73
-75, 73
-77, 74
-73, 74
-70, 71
-70, 78
-75, 78
-71, 76
-67, 77
-70, 75
-61, 78
-66, 72
-65, 75
-58, 70
-55, 76
-62, 76
-56, 77
-61, 77
-69, 87
-92, 86
-74, 83
-85, 81
-83, 80
-90, 79
-78, 79
-75, 80
-85, 83
-79, 85
-83, 81
-84, 82
-82, 83
-82, 85
-72, 85
-74, 85
-70, 86
-82, 88
-89, 86
-84, 87
-80, 89
-87, 88
-88, 89
-83, 89
-79, 88
-77, 90
-70, 87
-68, 86
-66, 81
-68, 85
-68, 83
-60, 82
-55, 79
-55, 80
-56, 88
-57, 89
-63, 86
-57, 86
-65, 90
-61, 89
-56, 89
-63, 95
-71, 96
-68, 93
-76, 94
-91, 91
-100, 91
-97, 92
-94, 91
-88, 93
-83, 93
-89, 94
-92, 95
-96, 95
-84, 95
-86, 94
-78, 94
-87, 95
-68, 94
-64, 94
-96, 99
-100, 96
-97, 99
-88, 96
-64, 96
-66, 97
-96, 96
-78, 99
-83, 97
-87, 99
-93, 99
-89, 98
-85, 99
-69, 97
-73, 99
-77, 98
-66, 98
-70, 99
-64, 99
-56, 97
-60, 91
-61, 93
-62, 91
-63, 94
-59, 95
-59, 92
-60, 94
-57, 92
-56, 95
-60, 98
-62, 97
-59, 98
-58, 97
-56, 98
-52, 81
-47, 79
-49, 71
-48, 69
-54, 70
-52, 68
-52, 70
-51, 70
-48, 68
-49, 80
-51, 80
-54, 77
-52, 71
-50, 74
-52, 76
-46, 72
-46, 68
-50, 85
-51, 92
-52, 83
-53, 81
-54, 81
-53, 83
-53, 97
-53, 96
-47, 99
-49, 85
-50, 94
-46, 98
-48, 90
-49, 83
-49, 91
-48, 85
-48, 82
64, 93
94, 84
90, 85
65, 83
-6, 84
-44, 73
-45, 62
-45, 68
30, 77
-5, 76
-41, 63
-39, 61
-43, 60
-43, 58
-44, 58
-40, 59
-17, 61
-38, 60
-39, 59
-39, 60
-24, 59
-11, 58
-21, 58
-38, 58
-25, 59
-15, 59
-19, 61
-26, 62
-7, 62
-9, 62
-30, 68
-40, 74
-39, 64
-44, 63
-43, 63
-44, 64
-44, 71
-41, 68
-43, 64
-42, 67
-43, 68
-37, 63
-38, 63
-32, 71
-35, 63
-37, 70
-32, 63
-33, 67
-35, 75
-41, 75
-44, 74
-28, 75
-24, 68
-28, 67
-28, 63
-29, 67
-26, 68
-11, 71
-9, 64
-21, 69
-24, 65
-12, 63
-20, 69
-16, 69
-19, 69
-8, 70
-8, 65
-9, 63
-9, 72
-10, 72
-18, 74
-13, 72
-6, 71
-8, 74
-15, 75
36, 67
2, 63
-1, 64
0, 61
-5, 59
-1, 58
-3, 61
-4, 60
-1, 61
0, 60
-5, 65
60, 65
4, 64
2, 64
62, 61
52, 58
12, 60
46, 58
45, 58
36, 59
14, 58
13, 59
9, 59
11, 59
5, 59
31, 58
48, 59
51, 58
51, 59
33, 60
32, 60
24, 60
5, 60
30, 60
43, 60
39, 60
57, 59
52, 59
59, 59
38, 62
32, 64
16, 61
5, 63
15, 61
11, 62
25, 63
31, 61
25, 61
22, 61
35, 62
33, 61
17, 63
16, 64
28, 64
31, 64
48, 62
54, 61
39, 61
63, 61
47, 63
63, 63
64, 62
63, 62
54, 64
58, 63
33, 66
6, 66
3, 65
31, 65
25, 65
29, 65
9, 66
7, 66
20, 66
18, 66
45, 65
36, 66
35, 66
51, 66
58, 65
54, 65
56, 65
62, 66
45, 73
7, 70
30, 69
21, 69
1, 68
-4, 68
10, 68
8, 68
14, 69
19, 69
31, 67
31, 69
37, 67
37, 68
42, 67
9, 71
-1, 71
-1, 72
-2, 73
-5, 75
-2, 74
8, 74
4, 72
0, 73
6, 71
-1, 76
1, 74
10, 70
20, 75
11, 70
11, 75
10, 76
15, 71
15, 74
17, 71
40, 73
33, 70
29, 72
22, 70
29, 71
24, 70
31, 70
43, 70
40, 70
36, 70
23, 74
27, 73
29, 75
24, 76
25, 75
38, 73
35, 74
43, 74
39, 73
37, 75
57, 74
59, 67
57, 72
56, 71
50, 68
51, 69
55, 73
60, 70
63, 69
59, 68
62, 69
61, 72
54, 74
49, 75
46, 75
62, 75
60, 74
63, 75
54, 75
58, 75
-23, 78
-32, 79
-24, 77
-35, 77
-44, 77
-40, 77
-41, 77
-24, 78
-29, 79
-41, 79
-42, 81
-43, 83
-43, 82
-33, 82
-29, 82
-27, 80
-26, 81
-26, 80
-26, 82
-25, 83
47, 79
21, 77
16, 77
9, 77
-19, 77
-1, 77
-6, 78
-20, 77
-15, 77
2, 78
6, 78
10, 77
10, 78
14, 78
63, 78
64, 77
42, 77
39, 77
24, 77
36, 77
33, 77
33, 78
23, 78
46, 78
53, 78
42, 78
6, 80
3, 83
-14, 82
-19, 82
-2, 81
-5, 80
0, 79
-3, 83
-11, 83
-12, 83
-17, 83
0, 83
2, 83
10, 81
33, 79
32, 80
19, 80
40, 80
52, 79
63, 80
17, 81
7, 82
15, 81
14, 83
12, 82
57, 83
50, 81
24, 82
49, 82
47, 82
54, 81
64, 81
61, 82
24, 83
22, 83
36, 83
56, 83
-45, 84
13, 84
28, 84
-32, 84
4, 84
-1, 84
0, 84
-39, 84
46, 84
56, 84
37, 84
54, 84
39, 84
30, 84
71, 73
89, 64
77, 67
88, 60
83, 62
73, 59
67, 59
69, 58
71, 58
72, 60
76, 61
74, 58
87, 59
65, 64
79, 64
82, 63
71, 64
66, 64
69, 65
66, 65
81, 64
82, 65
83, 64
88, 65
88, 59
87, 68
83, 72
80, 70
79, 68
69, 67
71, 69
67, 68
65, 71
73, 70
81, 71
86, 70
82, 67
73, 72
78, 72
88, 67
93, 62
91, 69
91, 63
84, 73
75, 73
78, 82
68, 82
69, 78
68, 76
65, 75
65, 80
66, 81
71, 81
69, 73
77, 80
73, 78
72, 76
75, 74
74, 77
77, 79
76, 81
75, 81
70, 81
72, 84
66, 83
67, 82
65, 82
69, 83
82, 74
79, 73
78, 73
80, 84
78, 78
81, 77
83, 82
86, 79
92, 77
91, 76
90, 73
90, 76
87, 78
88, 82
85, 80
85, 79
87, 80
84, 81
88, 84
93, 82
90, 81
93, 80
22, 85
-13, 89
-34, 88
-40, 87
-38, 86
-43, 85
-44, 86
-36, 86
-37, 86
-38, 87
-37, 88
-35, 88
6, 85
-14, 88
-24, 85
-31, 85
-34, 87
-4, 88
-9, 86
-11, 86
18, 86
3, 85
0, 85
15, 85
11, 85
2, 86
-6, 86
15, 86
6, 86
0, 88
-12, 88
-7, 88
13, 88
5, 88
3, 88
1, 89
-10, 91
-26, 89
-38, 90
-38, 89
-34, 90
-24, 90
-17, 89
-23, 89
-12, 90
-14, 91
-27, 91
-20, 92
-26, 91
-7, 92
-7, 91
15, 91
8, 90
1, 90
12, 89
8, 89
10, 89
16, 89
11, 90
13, 89
21, 90
2, 92
12, 92
19, 91
12, 91
9, 91
13, 92
5, 92
10, 92
35, 86
60, 85
40, 85
57, 85
35, 85
84, 85
88, 88
22, 87
30, 86
60, 86
43, 86
85, 86
82, 89
59, 89
54, 88
33, 88
37, 87
39, 87
42, 87
48, 88
35, 88
24, 88
43, 88
68, 87
66, 87
65, 88
59, 87
64, 88
81, 88
73, 87
79, 88
34, 89
24, 89
22, 90
31, 92
26, 91
25, 89
25, 91
32, 91
32, 90
31, 90
27, 92
28, 92
72, 92
72, 90
66, 90
43, 89
56, 89
45, 89
60, 89
50, 89
67, 90
44, 91
49, 90
43, 91
38, 91
41, 91
62, 91
70, 91
73, 90
76, 89
77, 90
51, 92
42, 92
52, 92
86, 87
83, 90
87, 91
93, 89
89, 88
92, 91
89, 89
99, 73
98, 59
97, 69
96, 62
95, 67
98, 63
99, 58
95, 84
99, 78
97, 74
99, 88
97, 82
97, 91
95, 92
98, 83
98, 92
92, 94
49, 99
49, 93
24, 93
44, 95
3, 94
19, 93
17, 93
-1, 93
-8, 93
-44, 93
11, 93
12, 93
31, 93
26, 93
-15, 97
-42, 95
-31, 94
-17, 95
-35, 98
-28, 97
-45, 95
-29, 96
-40, 96
-38, 96
-43, 97
-18, 96
-25, 95
-27, 95
-21, 95
-38, 98
-34, 98
-37, 98
-16, 98
-17, 97
30, 98
-4, 96
-10, 95
-10, 94
-13, 96
8, 96
15, 94
0, 94
9, 95
37, 95
40, 94
16, 94
17, 95
27, 96
21, 96
7, 96
-2, 96
25, 97
20, 97
37, 96
-6, 98
21, 98
13, 98
-1, 98
-3, 98
-2, 98
47, 98
45, 95
46, 97
48, 98
67, 94
74, 93
88, 96
87, 94
57, 97
55, 98
49, 96
50, 95
67, 98
57, 95
87, 97
63, 96
60, 96
67, 95
68, 94
83, 96
84, 98
69, 98
73, 98
89, 96
91, 94
88, 97
89, 97
4, 99
-24, 99
-27, 99
-42, 99
-16, 99
3, 99
78, 99
11, 99
46, 99
44, 99
34, 99
43, 99
12, 99
83, 99
97, 93
94, 98
97, 95
98, 99
95, 97
96, 95
94, 99
99, 95

Closest to: -1, 14 is: -1, 12
Took me: 13 millisecond.
Press any key to continue . . . 